2.00436163300943E-8,9.381046826899643E-5,2.7074732614745887E-4,9.550140380097143E-6,3.6843625057906806E-4,4.7909555890388664E-5,2.7307376870197505E-4,2.3851088420104218E-4,1.0634144842271152E-6,8.884333735736567E-5,5.056354140592001E-4,9.428006575224429E-5,2.529811376519533E-4,2.604409813798433E-4,1.8259372117547797E-5,1.3701453330845878E-4,1.9978554078527993E-4,1.50001230565705E-4,7.343949103737583E-4,5.571526876633055E-4,2.7423158379952754E-4,5.107747508349332E-5,5.2934683204787034E-5,1.302254519535427E-5,1.6000548748370097E-5,1.4513795087978427E-5,3.817750087864234E-4,2.360623497494658E-5,9.742714184478206E-5,3.7275200055910263E-4
0.9999082007187086,6.263128452590558E-5,2.4322543527050412E-4,4.248435804315258E-4,2.2342143337424548E-5,1.2051226998525938E-4,6.686906069437492E-4,2.3559430646216456E-4,4.5718583598390525E-5,2.233380702106221E-5,3.624388677494866E-4,4.412583700393762E-6,3.68357516235371E-4,4.7384724304463526E-5,8.02600920619901E-5,3.166643787414446E-5,4.074294709066274E-5,5.664823180996262E-4,6.0803439590422826E-5,2.0998723087220432E-4,4.585039320822884E-5,8.008640884651431E-5,7.125495000159108E-5,6.354683088869056E-6,5.8350104004706535E-6,4.313104568755277E-6,5.8171417901459215E-5,2.8224593614972708E-5,4.230896592559403E-5,3.729761722705365E-4
0.3864073761061112,1.0977661169662205E-4,9.876835166334284E-4,0.0017576247647656013,6.040973783659127E-5,5.5166708170925106E-5,4.573977789686865E-4,3.700322072944463E-4,2.406406687913969E-5,2.5820917020920804E-5,7.743082169912146E-5,9.75857715504074E-5,1.5977049437254932E-4,1.8166519551589621E-4,1.5732739017148513E-5,1.1894439984866959E-5,8.000506808000023E-5,9.511231131493349E-5,1.557230985217073E-5,2.0545425972309003E-4,1.4685123838657684E-4,5.6162904284838364E-5,1.629230189305649E-4,1.4919380854102711E-5,1.6791250147173993E-5,4.217592052909135E-6,3.8745394588802535E-4,3.8359173176636416E-4,3.845305803478391E-5,3.7411019710937573E-4
0.33987417763140126,6.152886595910904E-5,2.4095930965856564E-4,3.3489775611484274E-4,7.759166114743176E-5,1.3229412544810268E-4,2.0421019355394614E-4,2.951541512149042E-4,7.301124644219685E-6,2.5655931934215857E-5,1.2456929691938783E-4,2.6892501086100848E-5,2.4234089016652403E-4,1.6966562250720762E-4,9.253010587905748E-5,1.3733784457355624E-4,1.0020490332057481E-4,1.5409819514990554E-4,0.0010638387396998128,2.2531562698140746E-4,3.466158472231241E-5,1.5729547063157164E-4,2.3490731577436056E-4,7.444564530763414E-6,7.541144452193951E-6,3.036564304753781E-5,1.2221419583492398E-5,2.450019792103854E-5,8.092839298257505E-5,5.409217784847539E-5
0.46485162716736755,5.170817160029097E-5,1.3775442691520978E-4,3.790889099558764E-4,8.429181768623107E-5,6.737912878313583E-5,3.274281083639346E-4,8.286379326255086E-5,1.139300565319443E-4,1.2059853064023681E-5,1.280610219908307E-4,1.9711426497751448E-5,3.514343472089737E-5,1.729496001981844E-4,1.218942174199297E-4,3.6017828855542046E-5,1.9106062285097187E-4,1.0180176771481098E-4,4.160576428213775E-5,2.0797290364528404E-4,3.1812498924999283E-4,3.2921064645481863E-4,1.6597705676368112E-4,4.638742759505999E-5,1.3152610682385085E-4,9.257376455039054E-7,3.9317979121835414E-4,8.230929201392023E-5,3.867140653314531E-4,3.0075497108363776E-5
0.4885213584699084,5.043628726062652E-4,1.4597585792490097E-4,0.003645075650584282,7.91009659905092E-5,1.4647626843234947E-4,1.2406224122413299E-6,4.3672111505625467E-4,3.3536229793166484E-6,3.0736807871852035E-5,3.447068821369039E-4,1.088222409321107E-4,0.02026228380010633,1.292984605462876E-4,1.1831628467007749E-4,9.580025642929196E-6,5.948444981118453E-5,7.309338043802547E-4,4.983839462833707E-5,5.305687297534468E-4,2.969911539657749E-4,3.802112023790856E-5,9.677572024214977E-5,8.452335469148295E-5,7.368055280031234E-6,8.7745762928024E-7,4.872854280434052E-5,2.423626868917646E-4,6.311112082975611E-4,3.3817353052295954E-4
0.365657880203045,6.0610744380002825E-5,2.0230770317833033E-4,9.187978702972246E-5,7.776562542711035E-5,1.3432939052189638E-4,1.9011405156986306E-4,2.933364446739769E-4,6.3853156150503376E-6,2.5091596916508407E-5,1.404913296905829E-4,1.914725948068377E-4,2.6778557979008035E-4,3.810651916523923E-4,9.272791574655478E-5,1.3832757350954041E-4,3.3508710424531125E-5,8.701680164242617E-5,4.195994556716821E-6,3.799926354604951E-5,4.89416783666683E-4,7.127080725854031E-5,2.275125891695038E-4,1.119034371210877E-5,4.471997167139284E-6,5.937648599345577E-6,3.478633464604672E-5,2.1931508382382243E-5,4.7440366192100876E-4,3.4406919081902504E-4
0.017408286701415254,5.4400769652263695E-6,3.485266039354951E-5,1.247672999869815E-4,2.2226242833061954E-6,5.925739892956254E-5,1.325181365784515E-4,3.733761518412317E-4,5.753804448627729E-4,1.3316242602170011E-5,5.902777767996471E-5,6.996014741503516E-4,4.439037507802823E-4,1.6242180291010886E-4,1.3351765258179182E-4,3.274923410249369E-5,8.975079854251739E-6,1.0623718048519884E-4,4.209958103218331E-5,2.2067022434081514E-4,4.259166505209366E-5,5.194238103256909E-5,7.763399328427809E-5,9.69693899491158E-6,7.3319215800099924E-6,2.0691139123330964E-4,1.0567854906980435E-5,7.06430733997728E-5,0.0018088240757430296,2.3842974466862555E-5
0.03346473468338612,5.4400769652263695E-6,3.485266039354951E-5,3.7944880295631234E-4,3.63764802131734E-4,5.926730986884546E-5,1.325181365784515E-4,4.381628197991673E-4,5.71179910149336E-4,1.2197837776755377E-5,5.902777767996471E-5,6.996014741503516E-4,4.439037507802823E-4,1.6242180291010886E-4,1.218942174199297E-4,3.490468826336033E-5,8.408358453515532E-6,1.5484439419705714E-4,4.160576428213775E-5,2.2067022434081514E-4,3.8735862401999895E-4,5.194238103256909E-5,7.574143530681007E-5,1.0216403172763063E-5,7.1273755134351015E-6,1.9998785472813082E-4,1.3285457226477687E-4,7.079980718489828E-5,0.0018088240757430296,3.6667783679457015E-4
0.5452319438252813,1.712426839493894E-5,1.9928222016746055E-4,2.9876312802380447E-5,4.330555445863914E-4,1.5732343679881675E-4,3.7222492679599335E-4,2.907021705084943E-4,1.0047898128319483E-4,5.8230466032734514E-5,3.5507205254055064E-4,1.73003594490396E-4,2.340589594800486E-4,1.601658458856855E-4,1.1913925608056023E-4,9.085379732530009E-6,5.176614948546016E-6,8.202657946272348E-5,1.6153608614149725E-6,1.7835502445170693E-4,2.7605184887336237E-4,1.5293458097028205E-4,2.3171819829542205E-4,1.4947387217651458E-6,6.010750238010712E-6,4.208317391351349E-6,3.533150720682933E-5,5.554102500487743E-4,8.526680101547044E-5,3.360757020168379E-4
0.40471975860494996,5.283748083222689E-4,1.8860994461578952E-4,8.067433133054924E-6,9.096428569316825E-5,9.008188519645836E-5,2.046635846112852E-4,2.3868054113372557E-4,6.39498610746264E-6,8.54397267153392E-5,5.260733085740002E-4,2.1731385395020065E-6,3.677819473690304E-4,3.4494586591418206E-5,1.236220505288191E-4,3.207918844584759E-5,1.0236830719114308E-5,1.5718464267541974E-4,3.144353411856317E-5,2.1010745593480568E-4,2.026306435475196E-5,5.1978470344286206E-5,3.252882527248522E-5,1.537352639291617E-5,1.6494870397707856E-5,1.438500329292452E-5,1.222064566281671E-4,1.7411698456590026E-5,6.094037583934434E-4,3.542789489441671E-4
0.7339465442291155,6.401843223912054E-5,1.639583788437311E-5,0.0034698481792247806,1.0582758640606536E-4,1.3551344946326544E-4,3.234487654374454E-4,4.9289258104520255E-5,2.491295598520045E-5,2.6524475400564566E-5,1.5816491510973942E-4,2.821037106910633E-4,6.565020200360487E-5,4.0561604332886223E-4,2.063933595740609E-5,2.129954896575682E-5,4.071906313646854E-5,5.613738206565033E-4,5.6034431753046807E-5,1.7394389493984865E-4,5.963461747874032E-5,4.068088062473901E-5,2.260864618441843E-4,1.2121468337678932E-5,7.540750679878776E-6,1.3739484873323782E-5,8.275836150249888E-5,1.8832558166261175E-5,6.9389066414349E-5,2.2483874028232117E-4
0.3186579971869895,1.7493814945146407E-5,1.9327219129629744E-4,3.5408624504691135E-4,8.978557907641497E-5,1.3963915870632987E-4,2.9977225642069356E-4,9.452983841113218E-5,4.7826805229074295E-5,2.2491254600787757E-5,1.0767459149202376E-4,0.008032939436858207,1.1517050778617468E-4,6.926498123989452E-5,1.1915339287923857E-4,4.872591523840223E-4,8.646027830876125E-6,1.0466666205243762E-4,7.882888114224174E-5,2.1936999825496054E-4,3.8472757266687374E-4,7.539646235151231E-5,2.2901484785256307E-4,2.15678167428475E-6,2.774224178002783E-5,4.9886349593604014E-5,4.485415131958234E-5,1.1775612989290852E-4,5.915884534089797E-4,3.357854009338751E-4
0.12134853699940457,5.7446253635402284E-5,2.4050255706150532E-4,9.762335478169925E-5,7.501689561147424E-5,7.076675562692806E-5,1.768311674898106E-5,7.257594061183719E-5,8.008857328757513E-6,5.8343023373416735E-5,1.2677793698590153E-4,3.654369805406726E-5,1.323314515615057E-4,4.1175083573472525E-4,1.0234158492016882E-4,3.357635498261243E-5,1.5814877214302613E-4,8.294755677805505E-5,2.650552163532895E-4,2.1847962086801484E-4,9.052280134809244E-6,1.9930072947198422E-4,6.288771307529088E-6,8.060796981781476E-6,3.5041349646119443E-6,4.7930774501557923E-4,1.2018904520451197E-4,1.4117580777267254E-4,3.703268910298605E-4,1.575333351151801E-4
0.0924281708911611,1.9877360800042704E-4,8.856775920688833E-4,2.137980990848513E-4,6.011153487662527E-5,1.4237086970584706E-4,4.627646485227952E-4,3.006660735360325E-4,1.6444236695201464E-5,3.052026812417033E-5,6.037140508603818E-4,1.5118959271289404E-4,1.8247665448120336E-4,1.7170382960682884E-4,1.1589882371511316E-4,3.4849892244655527E-4,2.1305837189821488E-4,1.4376759792810833E-4,9.169674876262933E-4,2.1794003363225084E-4,4.7589407491227E-4,2.1670843043062482E-4,1.728288431954645E-4,4.469878122690352E-6,2.6176751194722916E-6,9.161531398098607E-4,2.0257024468347154E-5,7.616749364020494E-5,9.320003374375192E-4,3.538074424203377E-4
0.7902170950959148,5.084207330766244E-6,2.000396805403252E-4,2.812273196837105E-4,4.522044635624853E-4,1.3261129548733619E-4,1.9344814097959696E-4,8.562494197988889E-5,1.1475646168088925E-4,6.044333408788583E-5,6.211855425669518E-5,9.096393167188954E-5,4.4145759594320106E-4,1.735726687345902E-4,1.2314789767217042E-4,6.367250795352898E-6,4.89399384748722E-5,1.0496921165517806E-4,4.160576428213775E-5,2.1979432292547145E-4,3.6342604468440844E-4,4.004583412486634E-5,6.822313280004605E-5,8.093756524140842E-6,6.43694264819366E-6,1.602511127012172E-5,3.5872151684189914E-4,1.2663858352243107E-5,1.0683548316600666E-4,3.9394413905374017E-4
0.10601238321356582,5.7118839785583654E-5,2.4084130549105774E-4,4.2934209328848293E-4,7.501689561147424E-5,2.8825021496529284E-4,1.9353651167728085E-6,7.534440753693384E-5,8.008857328757513E-6,2.1119753365052954E-5,2.7446383583100593E-5,3.654369805406726E-5,1.323314515615057E-4,3.981663053163999E-4,8.01671915345665E-5,3.169753691740218E-5,1.5805462199970343E-4,1.0770922769338129E-4,2.650552163532895E-4,2.206578464207254E-4,6.486221662406951E-6,5.562346692083063E-5,3.836144486173414E-6,8.060751668974023E-6,2.3490431970487955E-5,4.7930774501557923E-4,1.2018904520451197E-4,1.4117580777267254E-4,9.15124858939528E-4,1.504243431343926E-4
0.16174704126560063,2.562866097191301E-4,3.6647263879632585E-5,3.7112454992539474E-5,3.483564769958107E-4,6.763472313560653E-5,3.061644544863042E-4,2.8691201370203463E-4,1.8501738558427986E-4,0.013527974286831276,8.716866100421776E-4,4.3182397405797093E-5,2.437940539996814E-4,3.170631342499623E-5,9.907274792752333E-5,3.159470038864778E-5,1.3763667593274476E-5,7.191478282890743E-4,5.081979735218423E-5,1.8851309359059053E-4,8.132082095221958E-5,5.88970093958801E-4,2.2971146407508718E-4,3.1596409121411425E-5,7.577727243812702E-6,6.146978583577734E-5,0.0013204717911082147,4.220145452839266E-5,5.799147666938082E-4,1.4395760646665636E-4
0.3547364299836223,3.672532347766748E-5,2.6973392470605725E-4,9.906957134483128E-5,5.6916383645501335E-5,2.183938952826665E-5,3.822109787109385E-4,2.969278101291865E-4,3.3034035011739724E-6,4.441876408082714E-5,5.952190257259969E-4,1.5920909023531136E-4,4.3329551730043555E-4,1.8079058280088804E-4,9.731085215591029E-5,1.4915524742471482E-5,3.4431923123272616E-5,1.5198563720182287E-4,5.283469708755889E-5,2.1429789146153332E-4,4.794347357652603E-4,4.565812502735014E-5,1.725699941780612E-4,5.098557804304322E-6,2.8169323250979703E-6,3.029453465110551E-5,2.1053065833048407E-5,7.020580374909705E-5,6.156593583005867E-4,2.213475413467958E-4
0.02493010079608668,2.1326973532997663E-4,1.532392743297392E-4,5.91485674365168E-5,1.2606390964948685E-4,1.4199203258763668E-4,3.6468530058149926E-4,4.4594875372203275E-4,1.3106729126803951E-5,6.806577344799567E-5,5.134961205364542E-4,5.271517301174322E-5,2.759707639519816E-4,1.9388610117933837E-4,7.581401049239952E-4,8.135758934273018E-4,3.4210582251359106E-5,7.098522986846241E-4,5.1367079356393735E-6,7.60220079614749E-5,7.974501471430434E-5,4.5676663026189745E-5,2.2469497351018056E-4,2.9836078371250418E-5,2.5365245731269807E-6,1.7578609964503643E-5,4.9087106264696925E-5,6.879200699988646E-5,6.410314929955032E-4,2.162496523437866E-4
0.6116723728277339,2.2560075810920682E-4,1.9604575238113043E-4,6.26921774398624E-4,1.6346202217771573E-4,1.5315115329267133E-4,2.695471591889053E-4,3.820004212578095E-4,2.542948583803334E-6,4.0380494780760874E-5,3.167850376641947E-4,6.355206250927272E-5,2.634996442133753E-4,2.660807565441866E-4,1.3278978154321507E-4,2.5223904123428545E-5,2.0573700906211624E-4,1.0276033707522812E-4,8.274135362819595E-6,1.9201954671963132E-4,3.7577186616237626E-4,2.2157682251418176E-4,2.8682480399270534E-4,7.415387550680112E-6,1.6812063341576905E-5,2.7807602572850205E-5,1.291785817988384E-5,8.61545337979342E-5,4.953416774555548E-4,2.6028787064087057E-5
0.6438137766711338,2.2324374389750323E-4,2.6585194553863643E-4,4.1445076008723514E-4,8.731663377723972E-5,3.6938064230427193E-4,4.690177095560019E-4,6.81005106383747E-4,0.036006385255532763,3.958720061719609E-5,1.2804525939550364E-4,3.197146011470252E-5,2.3308605300054435E-4,3.8766495721161696E-4,7.915656152228754E-5,2.315729343206766E-5,2.09585081069511E-4,5.550375539916705E-4,1.0397396819571284E-5,2.312147193293189E-4,1.3401301187037368E-4,1.4788592121704904E-4,1.4541163181480988E-4,5.642218796746529E-5,1.0163526870138407E-4,2.0928430705647585E-4,8.802161980185134E-5,2.2068140327400883E-5,3.8456413828094805E-4,1.152101568872116E-4
0.1325719140954585,8.99037812602383E-5,0.0011790445414551032,7.538311183585191E-4,5.220741668167069E-5,1.6262643131733295E-4,2.7196826950185576E-4,2.933044744207994E-4,1.4403735093262364E-4,3.9487693076995416E-5,5.841041217716223E-4,8.609442650854219E-4,2.457338232080625E-4,9.573385669970414E-4,7.523096289027986E-4,1.2426900704626503E-5,2.204215079894502E-4,1.968167056748747E-4,3.1904822694438304E-4,2.1271446729371796E-4,4.7963010267280975E-4,7.620127168743619E-5,8.662641787823343E-5,7.887069252262578E-6,6.663939634582096E-5,1.9752539309256375E-6,5.036653424998483E-5,5.784237217318354E-7,6.0193642328795944E-5,3.9725042303580857E-4
0.01275216087857356,2.0534239641383618E-6,8.863370745637509E-5,4.120966423273782E-4,3.467669234763403E-4,3.1777153517216853E-5,4.4900438810271373E-4,3.790702499680218E-4,1.3079882810357848E-5,3.605061870353155E-5,6.099098361447214E-4,3.9349552977708144E-5,2.43929872947241E-4,1.6096120756439682E-4,9.811031478114224E-5,3.1213490226706506E-5,4.310127323510461E-5,8.654479300015301E-5,5.1537673228915064E-5,5.862964368653365E-4,1.3365103158843186E-4,5.5536852106372975E-5,7.57132926321449E-5,7.14748302021173E-5,1.545932184057543E-5,4.425834941068984E-6,2.026872092139388E-5,1.5424038839146584E-4,2.132851732271324E-5,1.6061227033220223E-4
0.8560138244872185,2.2573167977355256E-4,2.833407291636472E-4,1.0093642958462404E-5,3.006354215483772E-5,4.7691006701052664E-5,4.670948801815078E-4,4.766607130076696E-4,5.498421310351213E-5,4.4715750839078874E-5,5.483609237636723E-5,9.529875874464386E-5,2.469024053544247E-4,2.8088022536685032E-5,4.128071900807895E-4,4.6676419112319436E-4,1.9559267177294458E-4,0.016601906089719252,5.746207078288107E-4,5.720472724484257E-4,2.6321818163426846E-4,7.599135362192064E-5,1.5444682635646934E-4,1.2866720506223974E-5,1.723153282820376E-5,6.149322943227916E-6,3.8670646345907635E-4,1.0736229855664739E-4,9.128047208081039E-4,3.779333727593378E-4
0.5941936181207298,2.565454891424496E-6,7.153536669695721E-5,1.155018784870151E-4,4.6264614095237406E-5,3.148299913770466E-5,2.7257345574725517E-4,2.5879235716508715E-4,2.9020208743111534E-5,6.185931994658442E-5,3.4454903448900663E-4,0.005609840334918216,8.093175179655016E-5,1.7201127415072644E-4,1.338689653385438E-4,2.4273518009020738E-5,2.652590411993447E-4,9.107290769626644E-7,4.54346445247997E-5,1.8959777606891053E-4,7.135253093697963E-5,1.6119339850387453E-4,2.978747599749863E-4,8.104688603193098E-6,1.541045804843171E-5,1.4320134308107586E-6,1.4767490311435878E-5,2.3313532663766517E-4,6.436582607227605E-4,3.4857167357296286E-4
0.8692139920236184,2.065251939315482E-4,9.414097124505648E-4,3.3868552935994057E-4,4.708109130946493E-5,1.5717960427827897E-4,2.0483163198915756E-4,2.9220884046825366E-4,4.922824123028076E-5,3.651289875177372E-6,1.2526375272059958E-4,3.7406868007385354E-4,1.3617198379545578E-4,5.593570130283633E-5,7.859119863181982E-5,2.2627698137539314E-5,1.188966805584033E-5,1.5421279958905342E-4,3.3801115951572315E-5,2.101655508067546E-4,1.2792087409523381E-5,5.1892785659042216E-5,2.3650981590348066E-4,4.6936207631207575E-6,8.20618105365396E-6,8.531065091130989E-6,1.2779003890152208E-4,2.5223487614116428E-5,8.229772843324976E-5,3.8319873945655075E-4
0.6560020927068724,2.1643288573239465E-5,2.0484663149041455E-4,4.180706968142641E-4,1.4802779724617133E-5,4.251903904059697E-5,3.095435217714829E-4,4.7022658483551153E-4,4.565409518913209E-5,2.289664724969058E-5,1.3145857115599876E-4,3.9260736385070044E-4,2.3253072068611332E-4,0.024576935215779427,1.0859902797099726E-4,3.38760148868022E-5,4.346071303696485E-5,9.807358109764077E-5,6.236579808563494E-5,2.1487141132268988E-4,3.729619903686436E-5,7.584698579178728E-5,7.376861854854993E-5,3.1444728550474127E-6,4.481067317933502E-6,1.2579431158599916E-5,8.684421354910109E-5,1.7603798692533118E-5,1.6501411422535178E-4,3.7238930986896777E-4
0.7099250170206095,2.301353136839124E-4,2.551640352172744E-4,0.003635259721035628,3.4815113905484977E-4,1.5135748675871468E-4,4.562809477926145E-4,3.007048099069865E-4,1.613573126535231E-5,3.607863915444451E-5,6.111607313486632E-4,3.829793531714374E-5,2.4431878639065484E-4,1.943133229320389E-4,9.881678382468681E-5,2.3646358972293375E-5,4.474778138411134E-5,1.4118688736191866E-4,4.921557675948606E-5,1.0938974085894154E-4,8.50121171525759E-5,4.9199964813579386E-5,7.420476806916721E-5,2.9578451101201993E-5,7.56911006075761E-6,1.9066192028650521E-4,1.9512195135730456E-5,3.795339862577594E-5,1.852487742593024E-5,1.605179930761018E-4
0.8021184908549535,2.2073253937093893E-4,5.09946231289226E-6,1.2084955716619997E-4,1.0499855680857185E-4,1.534925333142594E-4,2.829544398075458E-4,3.745744987399612E-4,1.0869136901716975E-4,6.13682645012147E-5,1.2382514077677607E-4,6.358176473079293E-5,5.690961876028267E-5,1.7332372005952478E-4,1.3336798608857428E-4,1.5159878611556486E-4,2.06509974387557E-4,1.0689639727447391E-4,8.092409954319802E-6,2.160475556344629E-4,3.8923392200839797E-4,3.467456231454136E-4,1.6590772348517468E-4,4.1825522483073015E-5,1.620055657921427E-5,4.110885280472729E-4,1.279123256506297E-5,1.5800427712501817E-5,9.41675229000808E-5,2.3678606515611185E-5
0.4494964146999981,2.719873173379076E-4,1.0765608689134873E-4,0.0033983919316913766,4.215395131714307E-5,6.98474362330368E-5,4.646185209599333E-4,4.327801919026255E-5,4.963699650281154E-5,2.1960580023521102E-5,1.087599558289382E-4,1.2250457245851641E-5,5.118762754537479E-5,6.909622486255131E-5,2.0195049787867343E-5,4.328604269908242E-5,2.2652484471255945E-5,5.665362395427108E-4,5.637800908187092E-5,2.1509033003938184E-4,2.876295361207019E-4,4.9599795771422496E-5,2.3975420219120842E-4,1.265930233517415E-6,5.074633581235171E-5,7.871356449801412E-5,3.874210953943816E-4,1.8798869465070332E-4,4.171777185673933E-4,3.777756762241664E-4
0.5319694766621403,2.5031900354397006E-5,1.336566611973405E-4,9.495350479041462E-5,5.198280840722531E-5,1.5820666348849826E-4,3.7222492679599335E-4,3.0416441798413553E-4,1.0031198627486146E-4,4.047286079033683E-5,3.5046123713091694E-4,1.4802124205951279E-4,1.711918828131151E-4,1.601658458856855E-4,1.4777580004835967E-4,9.085379732530009E-6,5.176614948546016E-6,8.199225650705613E-5,1.6153608614149725E-6,1.9177389392877124E-4,2.7605184887336237E-4,1.4994760790731088E-4,2.2942891848511666E-4,1.5839046479802278E-5,5.643582550839359E-6,4.208317391351349E-6,3.582423340169524E-5,1.6309377619883424E-4,8.526680101547044E-5,3.360757020168379E-4
0.18492075214922526,7.703104296557912E-6,2.6089042891286546E-4,2.5876538406447085E-5,8.843794878445953E-5,6.868605146177288E-5,4.5270116608780363E-4,1.41597328833178E-4,2.1391081013521882E-5,2.2656813910646194E-5,8.467358561093214E-4,6.487284613793439E-5,2.537646590298307E-4,1.6142269406300129E-4,6.899288731183842E-5,2.1282171148552064E-5,4.122934164224021E-5,9.161814261780548E-5,2.5665292354510325E-4,7.329609061551909E-5,1.5027429555964603E-4,1.5965811305845647E-4,6.429701907741422E-5,7.14748302021173E-5,1.532499695280323E-5,4.1664367415363944E-6,3.8591841706011964E-4,9.27113259942677E-5,2.0332050166289872E-5,3.5190613355453107E-4
0.7702095827978115,1.0514073811768832E-5,6.455298129775958E-6,3.3688565078570363E-4,8.173777174162661E-5,1.2889434652594287E-4,2.8389167779189524E-4,2.438790249733091E-4,2.0492716272939926E-5,5.3429843464797186E-5,4.867541265054896E-4,8.646361050032708E-4,1.3242491548411597E-4,1.8727987817424583E-4,9.311018584527678E-5,1.5244619853636713E-4,4.723588739032503E-5,1.3127077326744314E-4,2.6592738893022906E-4,3.1320702413078634E-5,4.8096171835436527E-4,1.4271708420866426E-4,1.7748512141117678E-4,8.081574443879652E-6,2.9316206641981325E-4,1.772246065647934E-5,1.2457532622177485E-5,7.358975325209476E-5,5.996210484865883E-4,1.4835459319129243E-5
0.04266336557104139,5.255525757058609E-5,1.451214955940389E-4,4.248435804315258E-4,9.81022656896555E-5,1.2264495472581039E-4,6.686906069437492E-4,5.188032752223419E-4,4.5750010680698765E-5,2.1067105390394254E-5,5.121741780385454E-4,4.4384563488964406E-4,3.633803850503392E-4,4.7384724304463526E-5,8.245931381095695E-5,1.4299594426937475E-5,4.074294709066274E-5,5.664823180996262E-4,6.0803439590422826E-5,2.1930991930168165E-4,3.0878756362939244E-4,8.008640884651431E-5,7.091635349637538E-5,2.9738344410216782E-6,5.8350104004706535E-6,4.313104568755277E-6,1.2220821200738667E-4,2.8640367637225967E-5,7.89493205223312E-5,3.729761722705365E-4
0.11138806686072714,4.5113483482220047E-4,2.462852688334072E-4,1.598283872419773E-6,4.7338531054398705E-5,1.2859058846845437E-4,4.4050860600134323E-4,2.4134769251375258E-4,2.272013354375807E-5,5.91925084860809E-5,2.261148400622764E-5,2.5955769417108075E-4,2.5071904707927776E-4,1.852252323661043E-4,4.0854908532589383E-4,1.0415182016972676E-5,5.934789063190494E-6,8.188682471138577E-5,6.339376735247908E-5,5.419118851795253E-4,6.989817547929609E-5,5.530010699738367E-5,7.377159470108774E-5,1.5895603369735467E-5,6.5609637039693865E-6,4.395664528217966E-6,3.581771732576739E-5,1.6693714857162037E-4,4.97365118687082E-4,3.8051796927860175E-4
0.8414258024729783,2.3464669635734786E-5,1.342654049308028E-4,7.987985453804455E-4,7.639528025744264E-5,5.944982771888964E-5,3.2284382561387193E-4,1.3914849463631798E-4,1.2733919042083421E-5,4.03662185040788E-5,1.302956745796263E-4,1.4166372558654074E-4,1.70061739077015E-4,1.6285906700597635E-4,9.182546427408852E-5,1.1813347403935944E-5,1.8764925429448694E-4,9.13017140481781E-5,7.234937604285088E-4,5.521070604929339E-4,7.326497899910479E-5,5.693386536105867E-5,6.23585040082738E-5,1.2509093150439493E-5,4.428051159204636E-6,2.0485153704176534E-5,2.0642960336627762E-5,1.4200777401875717E-4,2.3929262138922284E-5,3.756473277227513E-4
0.41636684544151253,9.465511553338988E-5,2.891134416780174E-4,0.0017343143295660292,4.3808474055819353E-4,1.334789881754757E-4,3.2754552367866786E-4,2.4290921284965015E-4,4.743555280747108E-5,2.527439848786273E-5,6.358054268629123E-5,9.456558038477903E-5,7.081329753856829E-5,1.915327826939557E-4,1.2320824921832382E-4,1.4093765364338396E-5,2.2619196276250138E-4,1.759543663312658E-4,7.497599188910532E-4,5.571526528104148E-4,3.6272928505863284E-4,7.810150019955941E-5,2.2518817975682629E-4,9.796666857655732E-6,6.9721784517824854E-6,1.927723521000669E-5,3.86086055715662E-4,1.538828064529335E-5,1.2906707003581205E-4,6.43489574081235E-5
0.8161178476840685,5.8735442348443E-7,9.049983641980291E-4,5.1909396819489866E-5,4.616393313059399E-5,5.721790572211423E-5,4.5270116608780363E-4,3.795445662699476E-4,1.3125817223268602E-5,3.555756763493529E-5,8.467358561093214E-4,6.543760395793446E-5,2.542743987920554E-4,1.6096120756439682E-4,9.032310123961279E-5,2.129670472246923E-5,5.7996097649970146E-5,9.161814261780548E-5,2.5665292354510325E-4,7.329609061551909E-5,1.3479028313673203E-4,1.5946065609528592E-4,6.463538359850027E-5,7.14748302021173E-5,1.545932184057543E-5,4.163648789952388E-6,3.8459205073674457E-4,9.27113259942677E-5,2.132851732271324E-5,3.4817068467155347E-4
0.14026479087720042,8.99037812602383E-5,0.0012284599485130518,1.136473736230773E-5,3.9947184234049644E-4,1.6637469031833925E-4,2.7196826950185576E-4,3.774582978407428E-4,1.4759459180872358E-4,3.9769501438383246E-5,6.940668036502921E-4,1.446141263224907E-4,2.45099621164593E-4,9.796603868865443E-4,1.5071639681736934E-4,2.2282129508160446E-5,2.0811778015644125E-5,0.0030052095767784505,3.268966577264897E-4,2.1629686773157742E-4,4.409518177940696E-4,6.451675227282516E-5,8.25453677782879E-5,1.2960505037469635E-5,3.8170853470005046E-6,1.8993503460715036E-4,2.1273172124470426E-5,5.784237217318354E-7,6.0193642328795944E-5,3.977732978983635E-4
0.4260760241436047,1.3899053635298982E-4,3.3864060657343663E-6,4.2247864154677697E-4,5.17702833950685E-5,1.0174943805835674E-4,2.70516558379254E-4,2.7520761613899467E-4,2.065968616520672E-5,5.6338765119148595E-5,7.542079389818789E-5,3.3932013032814336E-5,1.755636353973743E-4,2.667166992921321E-4,1.335838310999871E-4,1.3425488221609206E-5,2.2670700489563664E-5,1.4635415643547147E-4,8.793938432125981E-4,7.807770402917371E-5,2.8388921560734963E-4,5.130532910250569E-5,5.231997051499668E-5,2.6979115637066736E-4,5.273963813838549E-6,3.069884950807289E-4,2.0413697083253018E-5,2.598825912724146E-5,1.3566816246515575E-4,2.290647340291919E-6
0.9748286524804843,9.381046826899643E-5,2.7074732614745887E-4,6.9877257192482245E-6,2.279705699021015E-5,3.1362631448415077E-5,2.6635884392612247E-4,2.3851088420104218E-4,1.0634144842271152E-6,8.884333735736567E-5,5.056354140592001E-4,3.6394467924800718E-6,2.529811376519533E-4,4.619828325692491E-5,1.8259372117547797E-5,1.2754673995157275E-4,1.933333361699909E-4,5.707830398180803E-4,7.343949103737583E-4,2.2503195806772522E-4,3.083034631773664E-5,5.107747508349332E-5,5.196641322350402E-5,1.302254519535427E-5,1.590363915783348E-5,1.4513795087978427E-5,5.4587366021951935E-5,2.8148375935029945E-5,9.742714184478206E-5,3.72982455912257E-4
0.7541466055730398,1.2368513463571285E-4,1.335219904693972E-4,3.36825363897011E-4,3.995743206129587E-4,1.550397522376418E-4,3.7462667282005697E-4,2.8945239900309087E-4,2.3245916006637737E-5,3.978142744279845E-5,1.3162397063712513E-4,1.4601436387837015E-4,2.2618627192724411E-4,5.5811978114702844E-5,1.3233529889545263E-4,5.9069121516491476E-5,1.1195693693088788E-5,5.868139669497145E-4,3.4134155422615704E-5,2.3121504161535458E-4,3.355602240945833E-4,5.7270038916618374E-5,2.405986643336124E-4,1.2524745905232312E-5,1.1545379477563622E-5,8.74758913208875E-6,1.415956885783E-5,2.4966960727850333E-5,6.298109321464234E-5,3.6659238340438317E-4
0.5033065548945794,1.1635223055474257E-5,3.5280051468376074E-4,1.7103904177512763E-4,8.879156968975529E-5,4.0294921504449994E-5,5.491678013034296E-5,1.7132775564013156E-4,1.666194903621637E-5,2.4924795046617965E-5,1.0397612976018148E-4,5.106707360934734E-5,1.61115137573916E-4,1.2612397120635773E-4,7.036561650894526E-5,2.3801753940836556E-4,1.556428902920304E-5,1.1100778718599295E-4,9.237945736816978E-4,0.020404525126779427,8.532789159916486E-5,2.1746719895032648E-4,2.3971640246084965E-4,6.360120229697496E-5,5.957491269525991E-6,9.348273500182462E-4,4.970097492882386E-5,3.68099549638807E-4,4.3028507705297064E-4,3.4954830597226053E-4
0.3008083142886945,2.337275347458871E-5,1.342798114044208E-4,4.1136032983232155E-4,4.000144197854684E-4,3.9387950059357915E-4,3.274281083639346E-4,1.3828147365181476E-4,1.1436079872005027E-4,3.951188741069985E-5,1.3024402411621774E-4,1.4326086466898396E-4,2.2639174212753623E-4,5.565864879851646E-5,1.2179732925114902E-4,3.6516944152278224E-5,2.0960654754841404E-4,5.965633257012739E-4,1.702490944163978E-5,2.3126539155488918E-4,1.3352975289663364E-4,3.2921064645481863E-4,1.6491869713341107E-4,1.1223066540817182E-5,0.003277170105853858,1.981091926480751E-4,2.072062191016542E-5,7.349971026167776E-5,3.77306147641192E-4,3.543755040397661E-4
0.5646558992207243,1.0417453407341707E-5,7.272997195877471E-5,8.10150164854155E-5,7.532480092899747E-5,3.300527465607858E-4,2.047163070821625E-4,2.4367796805719648E-4,9.09272722581313E-5,1.515932005155032E-5,1.2486323087196763E-4,1.86531595340988E-4,1.3644952108136723E-4,4.8483361392675595E-5,2.1173539802816116E-5,7.444466466939551E-4,5.973068800082248E-4,1.3119921609200966E-4,4.213403902023607E-5,1.937360464041638E-4,6.929627763240697E-5,1.4514169492726477E-4,6.696526542947082E-5,3.203596309514533E-7,6.939798069207444E-5,1.4822896994709712E-5,2.0344966556669392E-5,2.6027948922469214E-5,1.3382888785362797E-4,3.7559206114715565E-4
0.9167500074891093,2.04444537518661E-5,2.2386348294262684E-4,7.548675424043634E-4,5.701975446381298E-5,3.0617355845959085E-5,3.24227727935924E-4,2.969278101291865E-4,3.2868760667792797E-6,2.5348564970409074E-5,1.245307873754336E-4,8.815167691564379E-4,4.4420351434226886E-4,1.687067516762495E-4,1.4106176127278938E-4,8.217635355227137E-4,2.952076611105451E-6,5.455201518541531E-4,5.2793421964069786E-5,2.1429789146153332E-4,4.7723548767813145E-4,1.4962656934952066E-4,1.6040984060711384E-4,5.087300165437071E-6,2.8849515720257807E-6,3.9480989544153703E-4,1.5954992776740038E-5,1.8960837086564403E-5,8.422408704964836E-5,4.000877666528248E-4
0.6792990005140125,2.2196150387710712E-4,2.2996265288883442E-4,9.824182357725603E-5,9.029293235452893E-5,1.3830706680499375E-4,3.271118227760615E-4,2.4477477311172087E-4,5.0668417317838486E-5,1.6445990450195962E-5,1.988317402171739E-4,1.3337492865425073E-4,2.2497048815919163E-4,4.500297849841656E-5,1.1361223090827453E-4,5.102433028464113E-6,7.54431483466416E-6,5.146315366454718E-4,2.8261405667278977E-5,2.820678280829832E-5,7.311466522153544E-4,7.759068133579371E-5,1.559817795409715E-4,2.1789121787651286E-6,1.654389782581077E-5,5.4869527600451046E-5,1.1357588849489765E-5,1.05064048462576E-4,2.5412442824607624E-4,3.3597060586407164E-4
0.9365265066907591,1.431660873369527E-4,2.4922563613735086E-5,1.6370228455539433E-5,8.451802932612721E-5,2.9521383780598687E-4,3.719139164411573E-4,1.8123508889904348E-4,2.5781791319914376E-7,2.2636463509036794E-5,5.814868747097402E-4,1.4581812652319132E-4,4.5894512039509796E-4,1.8071709764039777E-4,7.383595037842585E-4,1.5332808400254504E-4,2.7479440011780767E-5,1.6486787451965528E-4,2.745599063567756E-5,2.149610107967594E-4,1.318188794709919E-4,4.774864948128027E-5,5.385507474379395E-5,8.26374961552979E-6,2.105357548442304E-5,4.712696842660732E-6,2.0233634392820303E-5,3.776533864082795E-4,6.088867945645413E-4,2.2132987778165995E-4
0.02772201436090721,4.770089960772522E-5,2.4191650616103903E-4,2.0688775500288486E-5,9.77975755504579E-5,1.3322322571368602E-4,3.0922308937904243E-4,2.3994701053260323E-4,9.430590422318858E-5,8.80401383751778E-5,5.105803839974034E-5,4.014579382558012E-4,2.526241521576334E-4,1.699442803336973E-4,2.142216273416404E-5,5.327371601396637E-4,1.9944355902957577E-4,2.1426484531668322E-5,5.28889118091485E-4,2.1364673129172678E-4,2.764491820142352E-4,5.346195778387644E-5,5.438927126361917E-5,7.4880571315915585E-6,1.5900015172666485E-5,6.17299695519597E-5,2.955184171640063E-5,1.83038414775425E-5,8.767765369576486E-4,6.188300474461065E-5
0.009347372234980666,9.381046826899643E-5,2.0533267677649508E-4,9.221313007684318E-6,1.0405570368959507E-5,4.7937326097358716E-5,2.731703994009291E-4,2.3851088420104218E-4,1.0634144842271152E-6,8.884333735736567E-5,5.002648308505642E-4,9.428006575224429E-5,2.529811376519533E-4,2.604409813798433E-4,1.8259372117547797E-5,1.3701453330845878E-4,2.042565699442502E-4,1.4950339647135493E-4,6.645603287586393E-5,2.139821492815142E-4,2.776343486023161E-4,4.8783267491745046E-5,5.2934683204787034E-5,1.302254519535427E-5,1.6000548748370097E-5,1.4568535715064134E-5,3.817750087864234E-4,2.360623497494658E-5,9.46773935648517E-5,3.7275200055910263E-4
0.7425920035650606,6.272325643837432E-5,2.221939998180724E-4,0.0011096013651678937,6.68665504506719E-5,1.4350773179886764E-4,3.2388972330524204E-6,4.7297186573028746E-4,1.333804527267458E-4,2.668304503633289E-5,2.357663175779419E-5,3.570481589015943E-5,2.4635010174189914E-4,2.7718203635776835E-5,1.8976614229225007E-4,2.363465369999278E-5,1.9431740557005664E-6,1.1847674327811186E-4,7.278291281726413E-5,1.3300353924311495E-4,3.7390666330807316E-5,7.267574786943957E-5,3.836144486173414E-6,3.859958415754056E-5,8.997670311554278E-8,1.6883019238444016E-5,3.8659297496189697E-4,1.4139304744855018E-4,8.955760199776017E-4,3.78299244076358E-4
0.08022532003534685,1.2427889859049622E-4,9.214607916627275E-5,3.255327781766052E-4,3.986216507850524E-4,2.0804312131134083E-5,2.028032229932437E-4,4.475435777256717E-5,2.3402427472750164E-5,3.978142744279845E-5,1.3154382872320537E-4,1.4601436387837015E-4,2.2618627192724411E-4,5.289124086311986E-5,1.3314499932850149E-4,5.9069121516491476E-5,2.592352744427873E-4,5.868139669497145E-4,4.370011278004767E-5,2.3211951471172155E-4,6.812120305767181E-5,5.7270038916618374E-5,1.3437379454420796E-4,1.252273639120772E-5,1.1545379477563622E-5,2.497694108877427E-5,4.728073874673462E-5,6.592585852141221E-7,6.298109321464234E-5,3.6659238340438317E-4
0.08671853718339162,2.7391115381235676E-5,1.342654049308028E-4,7.987985453804455E-4,7.639528025744264E-5,5.954317986531764E-5,3.2284382561387193E-4,2.920289360187057E-4,1.2733919042083421E-5,5.729652924185485E-5,1.302956745796263E-4,1.4166372558654074E-4,8.916060579720273E-5,1.6285906700597635E-4,9.182546427408852E-5,2.7929534507079164E-5,9.159718719646702E-6,8.252600783532554E-5,6.585027205779768E-5,5.47455697983721E-4,7.326497899910479E-5,5.693386536105867E-5,6.23585040082738E-5,1.2509093150439493E-5,4.756913151702879E-6,2.123062881292353E-5,2.0642960336627762E-5,1.4200777401875717E-4,1.8728748152758977E-5,3.756473277227513E-4
0.5215350578288914,2.0311020225861703E-4,1.8756306851414745E-4,4.013456234266382E-4,1.054887093136681E-4,2.9807679554719023E-4,2.7057103278451934E-4,4.5742638511737105E-5,2.0505364948842144E-5,5.3877633028595864E-5,6.214509202612421E-5,1.439204983187913E-4,1.911038673323057E-4,1.7334717583710943E-4,1.335560821400651E-4,1.5206852312472005E-4,1.579345342495029E-4,2.0609955978085687E-4,8.677559430969216E-4,5.119615164298215E-5,3.972685836933643E-4,1.5418210444872988E-4,7.463389742309802E-5,7.867655915298147E-6,5.807431504489451E-6,3.0726808586596926E-4,4.7948883551482245E-5,1.2172730307573838E-4,2.4261537126671687E-4,1.570472764034816E-6
0.1738773339614006,1.1840565875462721E-5,1.961175295069087E-4,1.0989334708898678E-4,8.840399786679032E-5,2.9794745466062215E-4,4.719838056717938E-4,2.934307933474562E-4,2.090264671349915E-5,2.5538281119983688E-5,1.0529143324970353E-4,1.4453829199672985E-4,4.3410486329204E-4,1.8483989477471237E-4,6.83375707744751E-5,9.362272876848037E-4,1.5551152809837362E-4,8.889813546078052E-5,1.2928720183654028E-5,2.1581499078433583E-4,8.289200090189731E-5,1.4888403295690734E-4,7.284185818741764E-5,2.8109749378971367E-5,6.061199912544321E-6,4.5308102835432785E-6,2.0449199875870856E-5,1.0877157267509432E-4,4.326071804316341E-4,2.195619946315057E-4
0.005471369864695624,2.301353136839124E-4,2.551640352172744E-4,0.0034969803324134867,3.472138143840223E-4,1.5135748675871468E-4,4.562809477926145E-4,3.007048099069865E-4,1.6324504232322784E-5,3.607606082595296E-5,5.058579637998264E-4,3.8792768101734035E-5,2.437940539996814E-4,2.6043396059506537E-4,9.806106353873998E-5,3.048144588290532E-5,6.494160836232105E-6,1.4118688736191866E-4,4.921557675948606E-5,5.621607406732017E-4,8.50121171525759E-5,2.138687017421184E-4,2.2472695980092623E-4,1.2423780516046627E-5,7.56911006075761E-6,2.2865156035420687E-5,1.9512195135730456E-5,3.802424154832954E-5,4.12106481532008E-4,1.389725002220957E-4
0.17088924406817066,5.043628726062652E-4,1.339939170617096E-4,1.467722518058033E-4,6.993027004216263E-5,3.197793940387797E-4,3.7696460320667583E-4,2.9764381225953946E-4,3.181472645977519E-6,3.0736807871852035E-5,3.4599016248250755E-4,1.088222409321107E-4,1.711258103912882E-4,0.0020191382675210055,1.1831628467007749E-4,8.345004081236765E-6,5.948444981118453E-5,1.3367100923881254E-5,3.333330944319044E-5,2.350463272667909E-4,2.969911539657749E-4,3.8104655938288494E-5,9.566289538153211E-5,1.7252686795267518E-5,5.336280039947167E-6,4.340018236346034E-4,1.5220176464350278E-5,1.659641038008773E-5,8.965197571659191E-5,3.361574712075387E-4
0.06734368527734003,2.6736991642036727E-4,2.239258705756737E-4,9.824182357725603E-5,2.9869104362982124E-4,1.392185885306816E-4,3.275502130688443E-4,2.4477477311172087E-4,4.867443526608148E-5,1.6383207348918426E-5,5.51780560803105E-5,3.9665786482318065E-4,2.2497048815919163E-4,1.6871285075400783E-4,1.3563300337114616E-4,2.6406605128464797E-5,7.54431483466416E-6,5.146315366454718E-4,3.3416528258855326E-5,2.820678280829832E-5,7.530394061200509E-4,7.768044174497755E-5,1.5908011263855368E-4,1.2728411707491278E-6,1.654389782581077E-5,3.906534448702663E-4,1.1357588849489765E-5,2.006659165260101E-5,2.456811069272547E-4,3.5925039766383305E-4
0.24028604194823378,8.99037812602383E-5,0.001235224761819944,1.136473736230773E-5,4.0087738348398394E-4,1.6637469031833925E-4,2.7196826950185576E-4,3.774582978407428E-4,1.4759459180872358E-4,3.9769501438383246E-5,6.940668036502921E-4,1.446141263224907E-4,2.4574669100028144E-4,9.573893782967095E-4,1.5071639681736934E-4,2.2282129508160446E-5,2.0496338684222618E-4,5.931252600478502E-4,3.166096542213299E-4,2.476791961295005E-4,0.0010058069770821,6.451675227282516E-5,8.25453677782879E-5,1.3011422070566993E-5,6.905932311715738E-5,4.226434204093909E-6,5.024139788698393E-5,5.784237217318354E-7,6.0193642328795944E-5,3.977732978983635E-4
0.20499602107533654,3.3772067852110997E-4,2.3674558378696095E-4,1.9298125201529102E-4,9.822026538965211E-5,2.81097522326814E-4,3.2827196976150026E-4,6.382944883062021E-5,2.3188148905695092E-5,2.4529928395726624E-5,3.0805787852602226E-4,5.154847451890511E-5,2.270543385769075E-4,1.7746881566615172E-4,1.2308879144400109E-4,2.2592683279940857E-5,4.39997696854698E-6,5.488069285928963E-4,6.649994395724326E-5,2.1126367665233675E-4,1.5121409037725718E-4,5.352644065085912E-5,4.7622617726368496E-5,1.5898102466581883E-5,1.2268110860922158E-4,2.0051588795581469E-4,4.860622652410042E-5,1.8484896706263263E-5,9.332165412115302E-5,1.154410271565002E-4
0.23470533069404848,4.103648043163671E-6,4.2924664298385896E-5,3.907424471381213E-4,4.01768672129201E-4,1.676088938716254E-4,2.713667595621699E-4,9.175871898673405E-5,1.4872763884602803E-4,3.8631839969327725E-5,3.161771213770351E-4,7.137037127373696E-4,4.439037507802823E-4,2.6248532502966515E-4,1.7332555785743535E-5,3.490468826336033E-5,2.0579397809562816E-4,1.5875149508419364E-4,3.424553682040499E-5,2.2067022434081514E-4,7.966118392156306E-6,5.201421978225435E-5,7.803711189939275E-5,8.097839854338307E-6,0.0547793629186974,5.994256313951723E-7,5.152204903348312E-5,7.119366453790847E-5,7.04184640767432E-4,3.979418852046202E-4
0.2913918088133657,5.202774735452035E-5,2.054654226685127E-4,3.836362201883921E-4,8.429181768623107E-5,3.76447281784414E-4,3.274281083639346E-4,9.397913337737282E-5,4.710628882407959E-5,1.1939888500084418E-5,1.280610219908307E-4,3.5448778017811207E-4,2.27364752600454E-4,0.00139701043514524,1.2391324107977216E-4,3.548120866997526E-5,8.487863306900387E-6,9.81667032412082E-5,4.160576428213775E-5,2.0903331595934142E-4,1.3352975289663364E-4,7.426030632202036E-5,6.435170357803147E-5,3.3508430244993026E-6,0.03725923749721069,1.9258506910819513E-4,3.808221397665027E-4,7.349971026167776E-5,3.8691390605247286E-4,1.1072236139457269E-4
0.6920069473007259,1.2069977380251247E-5,2.0490207036042048E-4,4.082238723083154E-4,3.978526981780661E-5,3.734415617768646E-5,2.1351607682135317E-5,2.2639292647224886E-4,2.258095666371705E-5,2.4858184199831476E-5,3.3513535853800947E-4,3.914173783941746E-4,1.3236004276756522E-4,1.19487971363777E-4,1.6760992286467288E-4,2.295857827718549E-4,4.403878808972537E-5,8.43821764384998E-5,6.925343384744524E-6,2.1385440769823504E-4,9.092554037665315E-6,7.225668656475368E-5,2.4273621538958292E-4,6.204609750979816E-5,5.340721719624356E-6,2.7745699664212736E-5,7.345352732478848E-5,1.0091336817015533E-4,3.241898491917122E-5,1.647922914190828E-4
0.9619096805587564,4.417720192867785E-5,1.596829500149196E-4,8.584019989162023E-6,7.080726578199352E-5,3.0071735934524875E-4,3.309654911606188E-4,6.219894502842837E-4,2.047450125204248E-5,5.155631666064541E-5,3.1583980451859405E-4,1.44819604641336E-4,2.4289392280779526E-4,1.789992666752618E-4,1.8991439615983267E-5,1.47885690569295E-4,1.5541157901392724E-4,1.4895543558686656E-4,2.784729357022288E-4,2.2219052809248135E-4,1.4529966597830792E-4,5.44259468646809E-5,1.4551029576323886E-4,2.173251404913194E-6,6.159043912410872E-5,1.652189839439427E-5,1.2753585339035108E-4,3.719912630381191E-4,4.8290985039241275E-4,3.599409831316646E-4
6.025927131302483E-4,9.056095887276179E-5,2.7074732614745887E-4,9.550140380097143E-6,3.567143094675501E-4,5.43477168396891E-5,2.730781125777939E-4,2.847341262623897E-4,1.0634144842271152E-6,4.520275665382379E-5,6.739948476180607E-4,9.508317971276997E-5,2.4708038705823415E-4,2.6712054741309145E-4,1.1926090850785401E-4,1.6867106026579844E-4,1.5700223971363647E-5,1.3571478586808447E-4,7.364968158199234E-4,5.817289958611609E-4,2.7698304198361414E-4,5.104467556063813E-5,7.860434801037343E-5,1.3019421916918387E-5,4.5093312520506505E-6,2.541969546170428E-6,3.775487012335129E-4,4.215918454916793E-5,4.008624657613196E-4,3.7275200055910263E-4
0.6675620312944919,7.925707089048389E-5,0.02611087782350346,5.029383218806088E-5,8.598358202141944E-5,3.169014496340229E-5,3.271285584090206E-4,4.905779076935352E-4,1.299072974683751E-5,4.523927597539749E-5,8.267751228740072E-4,6.595110978334709E-5,2.546267338410824E-4,1.1417748593554322E-4,8.19652802479312E-5,2.416993643336252E-5,2.0202447159403138E-4,9.179440705256357E-5,5.1044552922065346E-5,5.733007195283133E-4,1.4752006344461745E-4,4.7029707483779006E-5,7.577776773253472E-5,1.587317808861138E-5,1.6420779857769926E-5,4.155066952239314E-6,2.0445670112427155E-5,1.832713349060386E-4,2.1221069199418018E-5,3.8073581265175984E-4
0.054889858226332855,1.8248127970944692E-5,1.8375309844926246E-5,1.0513177674600258E-5,5.315292621552967E-5,1.4009161138856349E-4,3.7222492679599335E-4,2.455539468858168E-4,4.862452655940985E-5,1.7501557126608296E-5,3.815301100913596E-5,3.9158602979417253E-4,2.5903393133227225E-5,1.6924282189734833E-4,1.3533732063469728E-4,4.3006228320291236E-5,5.9012905903883355E-6,8.202657946272348E-5,3.7466647380761625E-6,2.8892898311246902E-5,2.7605184887336237E-4,1.5293458097028205E-4,1.4265107189828988E-4,5.7551280303368764E-6,2.360821498363761E-6,2.781578935415763E-5,1.2532262066280414E-4,1.666356506823633E-5,8.526680101547044E-5,3.461010881180514E-4
0.00739379380529831,2.3366605124885845E-4,1.1503807067885427E-4,5.088235785974988E-4,3.472138143840223E-4,1.3264223005401873E-4,1.9313372752493058E-4,3.1578922118291565E-4,1.6324504232322784E-5,3.6184215329757956E-5,7.719126343212307E-5,3.8792768101734035E-5,2.3709445714021753E-4,6.223739643102006E-5,1.2315453067047799E-4,9.6430320440595E-6,6.494160836232105E-6,1.4118688736191866E-4,4.1531650521737334E-5,5.621607406732017E-4,3.6028691676903484E-4,3.8756794188409636E-5,2.2472695980092623E-4,1.2261841450715312E-5,1.8320728862389462E-6,2.2840250102685532E-5,2.049011399229775E-5,1.1002826843267939E-5,4.193315834209977E-4,1.389725002220957E-4
0.26149710100465173,3.3772067852110997E-4,2.3483899250977577E-4,1.9298125201529102E-4,3.6404380158973294E-4,2.81097522326814E-4,3.2827196976150026E-4,6.382944883062021E-5,2.7776492883922773E-5,2.4529928395726624E-5,3.0805787852602226E-4,5.154847451890511E-5,2.270543385769075E-4,1.7746881566615172E-4,1.3448023096461E-4,2.2592683279940857E-5,4.39997696854698E-6,6.66472006147655E-5,6.649721976561239E-5,2.1126367665233675E-4,1.5121409037725718E-4,5.352644065085912E-5,3.19852875416695E-4,1.6158242267944513E-5,1.2268110860922158E-4,2.0051588795581469E-4,4.576026458147947E-5,6.483961308971488E-5,9.332165412115302E-5,1.154410271565002E-4
0.9853956042870118,6.263128452590558E-5,2.4322543527050412E-4,5.488759774298975E-6,2.6744018217119463E-5,2.829321567122513E-4,2.1484136450448114E-4,2.3559430646216456E-4,4.5718583598390525E-5,2.233380702106221E-5,3.624388677494866E-4,4.412583700393762E-6,3.68357516235371E-4,5.58639256839419E-5,1.1887848192835112E-4,2.1857390209752776E-5,4.074294709066274E-5,3.45646669831601E-4,6.661629722155539E-5,2.372388112302227E-4,1.6962238217218715E-5,5.764377555519308E-5,7.050731475805566E-5,6.40381842614936E-6,3.5718793679600787E-6,4.368930403026857E-6,1.2819516177069157E-4,2.5129851565978004E-5,8.229208621988092E-5,3.7387820043667075E-4
0.1943272943977274,6.427902745755179E-5,2.7055708035652996E-4,4.248435804315258E-4,2.2342143337424548E-5,1.6652406539090355E-4,6.686906069437492E-4,2.3559430646216456E-4,4.5399558128031934E-5,3.8302555033601335E-5,3.624388677494866E-4,4.412583700393762E-6,4.4608966976383753E-4,4.7384724304463526E-5,7.857161192586633E-5,3.166643787414446E-5,2.0514248023020045E-4,1.5274149516829845E-4,3.269505940603512E-5,2.0936357748235708E-4,4.585039320822884E-5,8.008640884651431E-5,7.10900434306597E-5,6.354683088869056E-6,2.3555622700629705E-4,6.184190785945642E-7,5.8171417901459215E-5,2.893487568255795E-5,3.571063580134131E-5,3.7244759782868893E-4
0.22154371611614893,1.431660873369527E-4,2.52393437500317E-5,1.522208309673416E-4,8.454959228566598E-5,2.9521383780598687E-4,3.719139164411573E-4,2.9406414485355035E-4,8.005105205336061E-6,2.561307532482569E-5,5.814868747097402E-4,1.4581812652319132E-4,4.3383400785129635E-4,1.8071709764039777E-4,7.383595037842585E-4,9.483004006193987E-4,2.7479440011780767E-5,1.6486787451965528E-4,3.278104292229489E-4,2.1495672835265356E-4,1.318188794709919E-4,4.0938344048828916E-5,5.360318054613397E-5,2.8192539174459017E-5,2.1163553852859937E-5,4.517631327491259E-6,2.044768358550256E-5,1.0859182521762007E-4,6.088867945645413E-4,2.1957738672721735E-4
0.43649695719221604,3.844973504019638E-6,9.725620582464356E-4,5.712512389140353E-5,4.4598164358504036E-5,1.5860148836577989E-4,3.278680043711341E-4,8.562494197988889E-5,1.1475646168088925E-4,6.044333408788583E-5,1.2181858792046824E-4,5.078259769458721E-5,4.4447953408659495E-4,1.7354978558194493E-4,1.218942174199297E-4,3.0401507292349318E-5,6.147411661678569E-6,1.0077756747167913E-4,4.160576428213775E-5,2.1371174720340028E-4,3.8735862401999895E-4,2.2919987886356385E-4,7.604396917699344E-5,1.032558371314682E-5,7.1273755134351015E-6,4.1224690405926106E-4,3.987039647348285E-4,1.911140749722591E-5,4.9881691704429946E-5,3.9394413905374017E-4
0.001497493278508684,3.672532347766748E-5,1.8755131912199637E-4,7.880446716749844E-4,8.99888002784171E-5,9.18182233560031E-5,3.766080836880098E-4,2.969278101291865E-4,3.7214377894254446E-6,4.072662998874529E-5,5.827617281279108E-4,1.4604868083057732E-5,3.667614355004649E-4,3.2129714470958894E-5,7.240665231229395E-4,8.162286610071329E-4,8.023166473940021E-5,1.3244765573239848E-4,3.153073103040449E-5,2.1429789146153332E-4,4.7377338230871857E-4,4.102241637305262E-5,4.049060995044603E-5,5.137102253145649E-6,1.4314692864180662E-6,2.1332884866721765E-4,1.1911867353264755E-4,6.95694929934756E-5,5.945306832183763E-4,2.213475413467958E-4
0.5134122314317187,5.873672429454441E-5,2.6536723428250715E-4,1.7547921356237767E-4,8.46066580000071E-5,3.6938064230427193E-4,4.683045752050502E-4,6.81005106383747E-4,2.257833848339369E-5,3.867184303254972E-5,1.2783743884691457E-4,3.218737357402155E-5,3.4287132901508565E-4,4.1357623718722334E-4,7.915656152228754E-5,2.315729343206766E-5,2.09585081069511E-4,5.716107714419487E-4,1.0397396819571284E-5,2.3125774148328483E-4,7.661645797578878E-5,4.992089010716261E-5,2.9495698425819652E-5,5.6361331345873825E-5,1.0163526870138407E-4,2.0836354743681304E-4,4.202427696556005E-5,2.2068140327400883E-5,3.8329820861773774E-4,1.2368096085736767E-4
0.21502991596840304,2.334208078544231E-4,1.0968679318811776E-4,1.1782295038774922E-4,7.877395593735794E-5,1.1099353503134266E-4,5.610191322782943E-6,4.301538628577728E-4,2.3264528590862165E-5,4.758768321956926E-5,2.2709133214765455E-4,8.701499055145882E-4,3.2077964643586164E-4,1.2733053921276622E-4,1.1611294085172253E-4,2.0922239363406487E-5,8.425150397716858E-6,5.448996356716665E-4,6.249347565288866E-5,2.1508726646180416E-4,1.3179208632234095E-4,7.056989589997487E-5,9.760861988392138E-5,6.458779695260388E-5,1.848856228916261E-5,4.3451000471942915E-4,2.0445670112427155E-5,8.162278515191613E-6,4.1233657985611814E-5,3.3655833977908837E-4
0.8812307536300318,4.103648043163671E-6,4.2924664298385896E-5,3.907424471381213E-4,1.7331952919159434E-4,5.926730986884546E-5,4.57268960576308E-4,8.92086390300294E-5,1.1046549163128796E-4,1.2528932513055294E-5,3.161771213770351E-4,6.952515588410672E-4,4.439037507802823E-4,2.6248532502966515E-4,1.7332555785743535E-5,3.490468826336033E-5,2.0579397809562816E-4,1.5875149508419364E-4,4.1405741258082057E-5,2.2067022434081514E-4,3.375154148130166E-5,5.166410205394983E-5,3.200985305714912E-5,8.097839854338307E-6,7.527512782087286E-6,1.9998785472813082E-4,5.152204903348312E-5,7.119366453790847E-5,7.115970825937378E-4,3.667227948360476E-4
0.9463595655969579,2.04444537518661E-5,2.6887207930479675E-4,7.466659801571346E-4,5.701975446381298E-5,3.0617355845959085E-5,1.273051329771521E-4,2.969278101291865E-4,3.2868760667792797E-6,2.5348564970409074E-5,1.245307873754336E-4,8.815167691564379E-4,4.4420351434226886E-4,1.8083516015245048E-4,1.870902422488604E-5,8.217635355227137E-4,2.9582931874555225E-6,9.038814162434352E-5,5.2793421964069786E-5,2.1429789146153332E-4,4.7723548767813145E-4,1.4960570853882606E-4,5.7354198162450065E-5,5.098557804304322E-6,2.8849515720257807E-6,2.1478666949969338E-4,1.5954992776740038E-5,6.95694929934756E-5,8.01322479819284E-5,4.000877666528248E-4
0.2937923895746121,5.170817160029097E-5,1.3353007244462916E-4,3.790889099558764E-4,4.000144197854684E-4,3.9387950059357915E-4,3.274281083639346E-4,9.183595015611632E-5,1.1436079872005027E-4,3.951188741069985E-5,1.2807971851793606E-4,1.4327266125014465E-4,2.2639174212753623E-4,5.5737761439061704E-5,1.2179732925114902E-4,3.6516944152278224E-5,2.0960654754841404E-4,5.965633257012739E-4,3.422272791628552E-5,2.3126539155488918E-4,1.3352975289663364E-4,3.2921064645481863E-4,1.6597705676368112E-4,4.156878459357018E-5,0.003277170105853858,1.981091926480751E-4,1.840776024318553E-5,7.349971026167776E-5,3.77306147641192E-4,3.5520004199884674E-4
0.894777551597322,1.7506105465925006E-5,1.6786164818788363E-5,4.3420105346304177E-4,5.675221194630396E-5,1.5703399438812154E-4,3.016816993199886E-4,3.983098165894745E-4,3.939209989012944E-6,5.484824975686887E-5,2.466776842200227E-5,3.737211943635635E-4,2.43076099558612E-4,1.7324537256876464E-4,6.284957668800653E-5,1.3849892374273527E-4,2.66042044715779E-4,1.0347142518328421E-4,4.773879421394653E-5,2.1613763780986344E-4,1.5638728268687076E-4,9.755924846490374E-5,1.6462504131493688E-4,8.540079089734776E-6,1.284783320290717E-4,1.1599470904945065E-5,3.844188712551617E-5,2.2224821275294984E-4,5.034677457584622E-5,2.213150989249762E-4
0.7651196397814592,2.2991987020241398E-4,6.79934892918615E-6,3.3688565078570363E-4,4.095717721565767E-6,1.3053830114647533E-4,2.8389167779189524E-4,2.9314632665062245E-4,1.6259006017169986E-5,5.3429843464797186E-5,4.874544492442075E-4,2.5202707733152784E-5,2.4540386978670235E-4,1.8619982795870654E-4,9.276062509319869E-5,1.5225992488782455E-4,7.905785743096173E-5,1.400245347941568E-4,2.6592738893022906E-4,2.088163167038825E-4,9.537848813434495E-5,7.735304667776598E-5,1.732413856411158E-4,8.081574443879652E-6,2.9316206641981325E-4,1.772246065647934E-5,1.2457532622177485E-5,7.385625549451857E-5,4.081636488759428E-4,1.464339018162783E-4
1.2436186745620054E-4,7.925707089048389E-5,3.3346581379018234E-4,2.8171937924627104E-4,8.454959228566598E-5,3.240427244631223E-4,3.2830240528965415E-4,0.0016755638617282722,2.213116442774137E-5,4.523927597539749E-5,5.2238218672850224E-5,4.853848297576843E-5,1.3558328803098396E-4,1.1618508779022438E-4,1.2276530114102793E-4,2.4217729046069996E-5,7.871823459130604E-5,2.2664528548215542E-5,7.51112046155263E-4,2.2083229508275865E-4,1.4813254704064074E-4,1.6033922272332786E-4,7.692806753433444E-5,1.4063946757718966E-5,1.6383176268368105E-5,3.908065613754924E-6,2.0445670112427155E-5,3.5000829972426235E-4,8.080600592101243E-5,3.814287174811404E-4
0.25114380794221147,2.5950308746741776E-4,2.0557230847952196E-4,1.0778072412939425E-4,4.1007129760527216E-5,1.031574457323932E-4,6.152165723691957E-5,9.375783972690634E-5,4.864957838647251E-6,4.465014616512488E-5,6.014097833209418E-4,1.5706790379034974E-4,2.663129235636917E-4,1.3667899296931386E-5,1.2375454596495254E-4,2.437038982984006E-5,1.1021166448966672E-5,1.5243613634516404E-4,4.115951817625475E-5,2.0535264349941018E-4,3.681613879875453E-4,1.5398770514830958E-4,6.574739536100345E-5,3.498838399848226E-6,1.5917918657198113E-5,1.86543786669858E-4,1.4003962912816835E-4,1.437590098036024E-4,4.953416774555548E-4,1.0751838516872615E-5
0.14977567888872145,2.301353136839124E-4,2.551640352172744E-4,0.0034969803324134867,3.4815113905484977E-4,1.3186141847741547E-4,4.562809477926145E-4,3.0083619737039175E-4,1.6324504232322784E-5,2.5959713302212405E-5,5.178132303862098E-4,3.829793531714374E-5,2.437940539996814E-4,1.943133229320389E-4,9.881678382468681E-5,2.364232860414944E-5,5.262949262986182E-5,1.411892546375791E-4,4.921557675948606E-5,1.0898165716420065E-4,8.50121171525759E-5,2.138687017421184E-4,2.2472695980092623E-4,2.9578451101201993E-5,7.56911006075761E-6,1.8552150399327432E-4,1.2214397640133701E-5,3.795339862577594E-5,4.12106481532008E-4,1.427944542230233E-4
0.5760947137715604,2.3585840767434012E-4,2.005657005532743E-4,0.0033347281059347175,8.730985887880021E-5,1.3846091964330912E-4,3.08023569193015E-4,5.447465521522536E-4,0.001092240947251643,9.399413938879662E-5,3.0357589872781704E-4,1.519371349540681E-4,2.467437260847608E-4,5.22859267191553E-6,1.1658276161270002E-4,9.161704244861201E-6,2.1023613795771807E-4,5.4184707793176E-4,5.490769716907564E-4,2.1932986630574452E-4,1.3491259684601052E-4,7.49574439168852E-5,2.2226386152213472E-4,1.2286673218282913E-5,1.620719160239382E-4,2.1063641183229827E-5,2.572404264867837E-5,1.1362583997382765E-4,3.834455334637286E-4,1.352832534008722E-4
0.6752100401899389,2.8239319099848605E-4,0.02611087782350346,5.029383218806088E-5,4.269044218501504E-5,6.996225257133202E-5,3.271285584090206E-4,4.905779076935352E-4,1.299072974683751E-5,4.523927597539749E-5,8.267751228740072E-4,6.612424186435478E-5,2.546267338410824E-4,1.1417748593554322E-4,8.19652802479312E-5,2.2914210017376677E-5,2.010912288619536E-4,9.179440705256357E-5,5.1044552922065346E-5,5.733007195283133E-4,1.4129700418699794E-4,4.7029707483779006E-5,7.853811218315666E-5,1.7012413711559123E-5,1.6420779857769926E-5,4.155066952239314E-6,5.88233304490286E-5,0.010888456806568587,2.1221069199418018E-5,3.810368926511475E-4
0.9558534300434643,1.7077696213555664E-5,2.0090486670715636E-4,2.9942018243567944E-5,7.090705153626875E-5,1.3335932641961394E-4,3.08023569193015E-4,5.601783339915429E-4,0.001092240947251643,5.164306957394353E-5,3.0357589872781704E-4,1.519371349540681E-4,2.467437260847608E-4,1.0163618826743506E-4,1.941508712051032E-5,9.161704244861201E-6,2.10757976173124E-4,1.4362635235443298E-4,2.732306669590599E-4,2.1932986630574452E-4,1.3491259684601052E-4,5.436948599183509E-5,1.4547509460378387E-4,3.533716859288276E-6,1.6546144609370873E-4,2.082642372788062E-4,2.572404264867837E-5,2.650395172273226E-4,3.794801920327062E-4,3.45489424263591E-4
0.23615629010869776,8.99037812602383E-5,0.001235224761819944,1.78747620232026E-5,4.0087738348398394E-4,1.6902548013810376E-4,2.715092139379221E-4,2.097262429737723E-4,1.4759459180872358E-4,3.9769501438383246E-5,9.177421792660789E-5,1.445925097406478E-4,1.6439878207679564E-4,1.5372377502044423E-5,1.5071639681736934E-4,1.8182900892593418E-5,2.0496338684222618E-4,9.603329964367883E-5,3.166096542213299E-4,1.9591821991782758E-4,0.0010093915518449017,6.488050992427569E-5,8.257218244002871E-5,1.4231906690105208E-5,6.919614534982821E-5,4.226434204093909E-6,5.024139788698393E-5,8.128081120470065E-6,6.0193642328795944E-5,3.977732978983635E-4
0.9031498949476544,9.10262288481397E-5,2.7020999286755747E-4,9.550140380097143E-6,1.1685564210521549E-4,4.855964530093215E-5,3.081297735065139E-4,3.8442844024884923E-4,1.0634144842271152E-6,4.520275665382379E-5,4.246129469180656E-5,9.700586076699397E-5,2.4179539569777492E-4,1.467231221059385E-4,1.1857593450450912E-4,1.865373853462841E-4,4.212452222613761E-5,1.50001230565705E-4,7.364968158199234E-4,5.766894063534084E-4,3.8832835185879434E-4,8.117433499451683E-5,7.860434801037343E-5,1.6495644255486203E-5,4.511662662451238E-6,1.8197008977084494E-4,3.775487012335129E-4,2.2539198860605722E-5,9.316727068827579E-5,3.7262247146771786E-4
0.8291897752381543,2.3464669635734786E-5,1.347361055905633E-4,9.272033967912431E-5,7.639528025744264E-5,1.3380262496246443E-4,6.025072340911031E-5,4.119703133733727E-5,3.945671072483055E-6,4.03662185040788E-5,1.2870020614924458E-4,1.474028199409496E-4,1.7063053354167545E-4,2.662028088628275E-4,1.4941949177627292E-4,2.319352294755397E-4,9.091273170643372E-5,2.1217704817529177E-4,7.188494834890394E-4,1.9246167440504144E-4,3.3511881063535406E-4,5.694934652483702E-5,2.4236773412896035E-4,1.2506540877420023E-5,1.5304887282100834E-5,2.4085910426805072E-5,1.2989172846768877E-4,1.4200777401875717E-4,7.793895546169487E-5,1.5246846112549462E-4
0.06183599358498659,2.383171032765313E-4,2.5705488131440323E-5,0.001570025960864611,4.080008154563074E-5,3.247243957009696E-4,3.2959614649103423E-4,3.1558594217398733E-4,1.7448081567679267E-5,3.972614964088589E-5,1.248376377460259E-4,2.7505713350792064E-4,1.3669682126383773E-4,1.1604202927699536E-4,2.125439727497249E-5,7.905537401351828E-4,7.997197688922034E-5,5.631178031342575E-4,2.685257980347452E-4,1.9289926576292502E-4,4.794343569934649E-4,7.778317852498306E-5,1.7282653092987158E-4,2.6970838630559007E-4,7.512536829535652E-6,1.4541987847377773E-5,2.0445823258287772E-5,1.4952861922771648E-4,6.09551231366288E-4,2.286058535305666E-4
0.6263138601997553,6.152886595910904E-5,2.012186466101142E-4,3.3489775611484274E-4,7.759166114743176E-5,1.3432292442121786E-4,1.9309206960165052E-4,2.951541512149042E-4,2.2857674683023776E-5,2.5655931934215857E-5,1.2558722795280374E-4,2.6892501086100848E-5,2.4234089016652403E-4,1.6966562250720762E-4,9.253010587905748E-5,1.3733784457355624E-4,4.883383617311458E-5,1.5409819514990554E-4,0.0010638387396998128,2.2531562698140746E-4,1.0291266183556844E-4,1.5729547063157164E-4,2.3490731577436056E-4,7.444564530763414E-6,8.049993659625165E-6,3.036564304753781E-5,1.2221419583492398E-5,2.529062331964888E-5,9.743923319978228E-4,3.3209073284765935E-4
0.07735602697728594,2.681395137024105E-4,2.3674558378696095E-4,4.3399476181837243E-4,9.096627919534379E-5,1.1867763561871882E-4,3.679885157890034E-4,5.3610343828064486E-5,2.3081879482792242E-5,2.4529928395726624E-5,8.991395582711091E-4,1.413303204567028E-4,2.2706622848554683E-4,5.236377230293791E-5,8.068710368663634E-5,3.2779233118303455E-5,1.5620645285266918E-5,1.4455339649158884E-4,6.06870863261107E-5,2.1034043965830517E-4,4.720441676002001E-4,7.973574227391198E-5,5.056671969863554E-5,8.458035302225498E-6,1.2527869664921977E-4,2.4167678753155336E-5,3.852953261601769E-4,0.026231397409747517,5.291863681174383E-4,2.2331081872359928E-4
0.2779416025871514,4.498033721830941E-6,8.974345393254971E-5,4.156595411602196E-4,3.137250024629603E-5,3.1777153517216853E-5,4.4900438810271373E-4,9.824129577682233E-5,1.3091681694433755E-5,3.5447187417721894E-5,1.3200100248052615E-4,6.526976276107425E-5,2.2606955465153438E-4,1.5984140777831895E-4,8.474933070521336E-5,3.6481858298839586E-5,3.781553341363992E-5,8.654479300015301E-5,5.145203017874245E-5,8.649778869876875E-5,1.3473868047631798E-4,5.104542274127843E-5,7.530776074564691E-5,4.19320918989865E-5,1.545932184057543E-5,4.163648789952388E-6,2.219166976820622E-5,1.5424038839146584E-4,2.132851732271324E-5,1.604935284337558E-4
0.6206576162555058,2.225585374990941E-4,1.9604575238113043E-4,6.273028632360268E-4,1.681722506345921E-4,3.126038192917537E-5,2.686623739547623E-4,3.820004212578095E-4,2.542948583803334E-6,4.00251734972185E-5,6.073744963022048E-4,4.6008821901149225E-4,2.46288694301928E-4,2.660807565441866E-4,1.1325448673184761E-4,2.4946917325390078E-5,2.0573700906211624E-4,5.704225192419655E-4,5.618249546244891E-4,1.916529862533391E-4,4.5232840993973215E-5,1.605918430094759E-4,2.8606431617696524E-4,1.6063266143407306E-5,1.6812063341576905E-5,4.6412134913726474E-5,2.0405673772761425E-5,8.831256996236797E-5,4.953416774555548E-4,1.1973176375576596E-4
0.052436724305068294,1.8248127970944692E-5,1.8375309844926246E-5,1.0513177674600258E-5,6.466222304591285E-5,1.5402098416594508E-4,3.2760965590741283E-4,2.81048380523213E-4,4.99425814143851E-5,5.717344741555234E-5,6.608967029396654E-5,4.0333133777079E-4,2.4700407479696243E-5,2.44401154689259E-4,9.823460661845956E-5,4.17946142208516E-5,6.062688042027777E-6,8.202657946272348E-5,3.758879487046904E-6,1.0763980501844617E-4,2.748285309169572E-4,1.5293458097028205E-4,2.4326022637469527E-4,2.750658687684885E-4,1.6337735471378707E-5,1.7887242279916038E-4,3.553470006134711E-4,7.420090464054553E-4,5.251744462446107E-4,3.4458461407883E-4
0.5862902669151773,4.417720192867785E-5,1.5934378386103754E-4,8.584019989162023E-6,8.721007312452498E-5,3.058189525794989E-4,3.309654911606188E-4,6.203782065267269E-4,2.047450125204248E-5,9.390738647550138E-5,3.1583980451859405E-4,1.44819604641336E-4,2.4289392280779526E-4,1.7784690092419539E-4,1.1616027122238523E-4,1.47885690569295E-4,1.5488974079852134E-4,5.471762471367817E-4,5.503547418988718E-4,2.2219052809248135E-4,1.4529966597830792E-4,7.501390478973102E-5,1.4621592900455164E-4,2.154807218372576E-6,6.045670000170833E-5,2.0908261922792534E-5,1.2753585339035108E-4,1.2244620486244186E-4,4.868751918234352E-4,3.593974362630963E-4
0.3113722331948626,1.7493814945146407E-5,1.9514668214876731E-4,3.936096141271303E-4,8.978557907641497E-5,1.3963915870632987E-4,3.1007664210996254E-4,9.452983841113218E-5,1.1556301206744545E-4,8.85325799241394E-5,3.1565790263216503E-4,1.519371349540681E-4,1.1517050778617468E-4,1.0048382251636628E-4,1.1915339287923857E-4,4.843820026845788E-4,8.646027830876125E-6,1.0466666205243762E-4,7.882888114224174E-5,2.1936999825496054E-4,3.873304732521956E-4,7.474406912854587E-5,2.2901484785256307E-4,2.138709587644054E-6,2.714509715251402E-5,5.099466895486194E-5,3.907506527479635E-5,1.181654543284466E-4,5.878348582842954E-4,3.357854009338751E-4
0.14798407753278014,5.515245987839812E-6,8.863370745637509E-5,2.7684260667949615E-4,4.616393313059399E-5,3.1777153517216853E-5,4.4900438810271373E-4,3.795445662699476E-4,1.3280454661404232E-5,3.5554989306443745E-5,5.165623351822679E-4,6.543760395793446E-5,2.540741514813253E-4,1.6096120756439682E-4,8.604614623844173E-5,3.120945985856257E-5,1.3030344342228656E-5,8.654479300015301E-5,5.145203017874245E-5,8.608970500402786E-5,1.3479028313673203E-4,2.1571431848852577E-4,3.448959993518106E-5,7.14748302021173E-5,1.545932184057543E-5,3.114456452123668E-6,3.811290560225503E-5,1.5424038839146584E-4,4.1592981509320305E-4,1.427699895806773E-4
